21.196775
21.299375
21.350725
21.504900
21.556225
21.761400
64.904075
64.955125
65.109300
65.160650
65.212000
65.366175
65.417500
65.468850
108.424650
108.476000
108.629875
108.681500
108.938225
109.194725
109.246125
139.123050
139.380075
198.217750
198.320350
198.679625
198.782250
198.833575
198.885200
199.141700
199.193125
246.939725
246.991050
247.144950
247.196275
247.504275
247.761200
276.602025
276.653675
276.807550
276.858900
276.910225
277.064125
277.115450
277.166800
277.218125
277.423575
298.237350
298.442800
298.699525
298.750850
298.904750
298.956100
299.007425
299.058775
299.110100
299.161450
299.212775
339.990900
340.760650
340.812050
393.160300
393.211625
393.365525
393.416850
393.724850
462.667425
463.078250
463.129600
463.283475
463.334525
463.385875
463.437500
463.488825
463.694275
463.796900
463.848225
518.904050
519.314725
519.571150
519.622500
519.982175
582.759125
641.489675
641.540725
641.694600
641.746225
641.797575
641.900175
641.951525
642.002850
676.618525
676.670150
676.721500
676.824125
676.875450
676.926800
677.080975
677.132025
677.183350
677.234700
677.388725
677.851025
678.004625
702.819450
702.922050
703.076225
836.585925
836.996450
837.047800
837.099125
837.150475
837.201825
837.253150
837.304500
837.355825
837.407175
837.458500
837.509850
837.561200
892.195550
892.246875
892.298225
892.452100
892.503450
892.657625
892.708975
892.760300
892.811650
893.016800
922.597850
922.803300
922.854650
922.905975
923.008600
923.059925
923.265100
923.367700
963.621600
963.827050
963.878400
964.032575
964.083900
964.135250
964.186575
964.237700
964.289100
964.340500
964.545850
964.597200
964.648525
964.699875
964.751500
964.802850
1012.790525
1013.046950
1013.149575
1013.252175
1013.303525
1013.457700
1013.560600
1013.611950
1041.797750
1042.208575
1042.567750
1042.619100
1042.670425
1042.721775
1042.773100
1042.824450
1115.798475
1115.849800
1115.952725
1116.004050
1116.055400
1116.158000
1116.209350
1116.363225
1116.568450
1177.992650
1178.044275
1178.146900
1178.249500
1178.403400
1178.454725
1178.506075
1178.557400
1178.608750
1178.660075
1217.257175
1217.308525
1217.411125
1217.462475
1217.513825
1242.352500
1242.403850
1242.506750
1242.558100
1242.609425
1242.968475
1305.755150
1305.806500
1305.960675
1306.268675
1306.371350
1306.422475
1306.473875
1306.525200
1306.576850
1306.628175
1306.679525
1356.858175
1356.909525
1356.960850
1357.115025
1357.166375
1357.371525
1357.525425
1357.576775
1357.628100
1357.731000
1357.782350
1357.833675
1357.885025
1357.936350
1357.987775
1358.039175
1358.090225
1358.141550
1358.192900
1358.244225
1358.295575
1358.346925
1416.540950
1416.643550
1416.797725
1417.465000
1417.516400
1465.090775
1465.655725
1465.706775
1465.758125
1465.809450
1465.963350
1466.014675
1466.066025
1466.117350
1466.168700
1523.937375
1523.988700
1524.193875
1524.655975
1524.707325
1524.758650
1559.451725
1559.605900
1559.862325
1559.913375
1559.965025
1560.016350
1560.221650
1560.273275
1613.134875
1613.186225
1613.237575
1613.391450
1613.648175
1613.802050
1613.853400
1613.904725
1613.956075
1614.007700
1614.059100
1614.110225
1614.161625
1614.212950
1614.264300
1614.315650
1614.520800
1681.948300
1682.050925
1682.205100
1682.256425
1682.564425
1682.667100
1732.016550
1732.067900
1732.119225
1732.222125
1732.273475
1732.324800
1732.478700
1732.530025
1732.581375
1732.735400
1732.786800
1732.838200
1732.889525
1732.940875
1733.556800
1733.608150
1733.659475
1734.070025
1734.429300
1734.480650
1788.693275
1788.744625
1788.795975
1788.898575
1788.949925
1789.001550
1789.463375
1789.514700
1789.566050
1789.617375
1789.668725
1789.874175
1789.925500
1819.336300
1819.387650
1819.541525
1819.592875
1819.644200
1819.849375
1820.157725
1859.509475
1859.560800
1859.612150
1859.714750
1859.766100
1859.817450
1859.868500
1859.971400
1860.228175
1928.899675
1928.951025
1929.104900
1929.156250
1929.207600
1929.258925
1929.361550
1929.412875
1929.464225
1929.515550
1929.721000
1929.772350
1929.823675
1929.875025
1929.926375
1929.977425
1980.565375
1980.719275
1981.027275
1981.078600
1981.130225
1981.181575
1981.232700
2009.560825
2009.612175
2009.817325
2009.868675
2009.920300
2010.022900
2010.228500
2010.279600
2031.623175
2031.777350
2032.136625
2032.187950
2032.239375
2032.906875
2032.958200
2101.866000
2101.917350
2102.122800
2102.174150
2102.225200
2102.327800
2102.379425
2102.430775
2102.636225
2102.687550
2136.879475
2136.930800
2137.084700
2137.136025
2137.187375
2137.290275
2137.341625
2137.392950
2137.700700
2186.683375
2186.888825
2187.093975
2187.453550
2233.423175
2233.474575
2233.525975
2233.577375
2278.107400
2278.210000
2278.364175
2278.518075
2278.569400
2278.620750
2344.237700
2344.442850
2344.545475
2344.750625
2344.853525
2375.166925
2375.577475
2397.547125
2397.598475
2397.649800
2397.752700
2398.009425
2398.060775
2398.317325
2398.420075
2398.471500
2398.522825
2398.574175
2398.625500
2398.676850
2398.728175
2461.123175
2461.174525
2461.277150
2461.328475
2461.379825
2461.482425
2461.687600
2461.738925
2461.790275
2461.841600
2461.892950
2461.944275
2529.829875
2530.035025
2585.318200
2585.523350
2585.677250
2585.728575
2585.779925
2585.831250
2586.139550
2625.487375
2625.538700
2625.846400
2625.897750
2625.949100
2626.154550
2626.308775
2657.697925
2657.749550
2657.800875
2657.903500
2658.159925
2658.314100
2658.365450
2658.416775
2658.570975
2658.622300
2658.724925
2698.687000
2698.738625
2698.841250
2698.892575
2698.943925
2699.046825
2699.098175
2699.149500
2699.200850
2699.252175
2699.303225
2699.611225
2699.662575
2756.876700
2756.928025
2756.979375
2777.255100
2777.306450
2777.460325
2777.665500
2777.716825
2777.819725
2777.871075
2777.973700
2778.127575
2778.178925
2778.230250
2869.107625
2869.158975
2869.569225
2915.082500
2915.133850
2915.185175
2915.287800
2915.339125
2915.390475
2915.544650
2915.595975
2915.647325
2916.006300
2916.057650
2916.160550
2941.197825
2941.300450
2941.351800
2972.584625
2972.841350
2972.995225
2973.046575
2973.097900
2973.303500
2973.354825
2973.406225
3043.657750
3043.709100
3043.760150
3043.965600
3044.119775
3044.171100
3044.325275
3044.427750
3093.295575
3093.346900
3093.449800
3093.552425
3093.706600
3093.860250
3093.911600
3137.321475
3137.526925
3137.578275
3137.629600
3137.732225
3137.783550
3137.834900
3137.886250
3137.937275
3138.091475
3205.987700
3206.192850
3206.346750
3206.398075
3206.911425
3243.060000
3243.111325
3243.213950
3243.265275
3243.624850
3243.676175
3243.727525
3243.881400
3282.004400
3282.055725
3282.209625
3282.260950
3282.363850
3282.415200
3282.466550
3282.517875
3282.569225
3282.825725
3307.060250
3307.111275
3307.213900
3307.316500
3307.419425
3307.470750
3307.625000
3346.351325
3346.608050
3436.493425
3436.596050
3437.006875
3460.867475
3461.278025
3461.329350
3461.483300
3461.534650
3520.448825
3520.551450
3520.602775
3520.654400
3521.013675
3521.065025
3578.450550
3578.861100
3578.912425
3607.596900
3607.648250
3607.699600
3607.802200
3607.853250
3607.904600
3608.058775
3608.110100
3608.161450
3608.264350
3608.315700
3608.367025
3608.418375
3608.469700
3653.592075
3653.643400
3653.746025
3653.797350
3653.848700
3653.951325
3654.002650
3654.105275
3654.156675
3673.726275
3673.777600
3674.136600
3674.187925
3674.239275
3674.290600
3674.342250
3674.650150
3742.192575
3742.500575
3742.654450
3742.705800
3742.757125
3742.962575
3797.765075
3832.567675
3832.619000
3832.772900
3832.875500
3832.978125
3833.080725
3833.132075
3833.183400
3833.234750
3833.286075
3833.491525
3896.867550
3896.918900
3897.021800
3897.073150
3897.124475
3897.227100
3897.278425
3897.483650
3948.339325
3948.390675
3948.647100
3948.698450
3948.749775
3948.801125
3948.852475
3948.904100
3948.955425
3949.006775
3949.263500
3986.860875
3987.014775
3987.117375
3987.322825
3987.374175
3987.477125
3987.733900
3987.785025
3987.836425
4017.647825
4018.109925
4018.417700
4069.427700
4069.479050
4069.530375
4069.633000
4069.684325
4069.735675
4069.838275
4069.889625
4069.940975
4069.992300
4070.043650
4070.402925
4134.157525
4134.208850
4134.363025
4134.414375
4134.619825
4134.722425
4134.773775
4134.825125
4193.831025
4193.882375
4194.036250
4194.087600
4194.241775
4194.600950
4224.933200
4225.395325
4225.857275
4225.908600
4226.062675
4226.114025
4226.165350
4226.370525
4267.618225
4267.669575
4267.823750
4267.875100
4268.080250
4268.182875
4268.234200
4268.285600
4268.336950
4313.049700
4313.203600
4313.254925
4313.460375
4313.511725
4313.563050
4313.614400
4313.666025
4313.922600
4313.973925
4314.076600
4351.904975
4351.956325
4352.007950
4352.161825
4352.213175
4352.418325
4352.469675
4352.726600
4415.397275
4415.448625
4415.499950
4415.705125
4415.756450
4416.013175
4416.064525
4416.269800
4416.321150
4463.363775
4463.415125
4463.466450
4463.569075
4463.620400
4463.671750
4464.133850
4513.687325
4513.738675
4513.892550
4513.943900
4514.046500
4514.098125
4514.354850
4514.406200
4514.457525
4540.179700
4540.333600
4540.384925
4540.847075
4540.898475
4540.949875
4541.001275
4541.052625
4541.103975
4541.155025
4541.360475
4541.411800
4541.514700
4581.307650
4581.410275
4581.667300
4581.821175
4581.975050
4582.026400
4633.882150
4633.933475
4633.984825
4634.087725
4634.139050
4634.190400
4634.395850
4634.446900
4634.549500
4704.698300
4704.801200
4704.903825
4705.314375
4705.365700
4782.333225
4782.384550
4782.435900
4782.487525
4855.987325
4856.449150
4856.500475
4856.551825
4856.603150
4856.654500
4857.373275
4857.424600
4857.475950
4857.527275
4857.578625
4857.629950
4857.681000
4857.732350
4857.783700
4857.835325
4857.886650
4858.143375
4858.194725
4858.246125
4858.297525
4931.477625
4931.528950
4931.580300
4931.682900
4931.734250
4934.506250
5003.635050
5003.737950
5003.943400
5003.994450
5004.148325
5004.199675
5004.251000
5004.302350
5004.353675
5004.405025
5004.456425
5004.507825
5004.559250
5004.816000
5004.867400
5004.918800
5004.969925
5005.226650
5005.277975
5005.329325
5005.637325
5005.688725
5005.996825
5006.048175
5006.099500
5030.145400
5030.196750
5030.299650
5030.351000
5030.402050
5030.607200
5030.658825
5030.761450
5031.018350
5031.069775
5191.048050
5191.099375
5191.612775
5191.715375